4.124575547320264235e+01
7.907455723615983345e+01
7.907458970452836411e+01
7.907457380563737104e+01
7.907455132700253841e+01
7.907460756827292414e+01
7.907457777048115588e+01
7.907455484617211994e+01
7.907459820867312317e+01
7.907450392661030492e+01
7.907459663427641772e+01
7.907457326353465987e+01
7.907457855348586406e+01
7.907451953158808067e+01
7.907460673052914046e+01
7.907461493011540199e+01
7.907455681171481388e+01
7.907460784877233095e+01
7.907462741019195107e+01
7.907455292186955376e+01
