0.000000000000000000e+00
0.000000000000000000e+00
0.000000000000000000e+00
0.000000000000000000e+00
0.000000000000000000e+00
1.243926141885299966e-03
2.249999999999999917e-02
9.549076773566560206e-02
2.522424684159380037e-01
5.247813411078710022e-01
9.450024295432449817e-01
1.525422740524779996e+00
2.238875121477160057e+00
3.053333333333330124e+00
3.936771137026239931e+00
4.857162293488819671e+00
5.782480563654029737e+00
6.680699708454810093e+00
7.519793488824100258e+00
8.267735665694850411e+00
8.892500000000000071e+00
9.363109815354709653e+00
9.677718658892130676e+00
9.866686103012629161e+00
9.962038386783280686e+00
9.995801749271139514e+00
1.000000242954319951e+01
1.000666666666669968e+01
1.004782069970850067e+01
1.015549076773569936e+01
1.036170310981539977e+01
1.069848396501459931e+01
1.119431729834789913e+01
1.184011661807580040e+01
1.260416666666669983e+01
1.345444120505339924e+01
1.435891399416910019e+01
1.528555879494649972e+01
1.620234936831879935e+01
1.707725947521869969e+01
1.787826287657919977e+01
1.857333333333329861e+01
1.913044460641399880e+01
1.952596695821189954e+01
1.977860787172010149e+01
1.992038872691929896e+01
1.998333576287659952e+01
1.999947521865890110e+01
2.000083333333330060e+01
2.001943634596700150e+01
2.008731049562679871e+01
2.023648202137999874e+01
2.049897716229349953e+01
2.090678328474249881e+01
2.147564382896020163e+01
2.217999999999999972e+01
2.298782555879489919e+01
2.386709426627789910e+01
2.478577988338189897e+01
2.571185617103979837e+01
2.661329689018459987e+01
2.745807580174929896e+01
2.821416666666669926e+01
2.884954324586979979e+01
2.933278668610299889e+01
2.965838678328470124e+01
2.985588192419830023e+01
2.995729834791060142e+01
2.999466229348880120e+01
3.000000000000000000e+01
