2.399914965986389981e-01
8.852380952380950463e-01
1.823647959183670064e+00
2.943129251700680182e+00
4.131590136054420270e+00
5.280670553935859601e+00
6.334583333333330124e+00
7.276404275996109838e+00
8.090120262390669836e+00
8.759718172983479434e+00
9.269283284742469320e+00
9.617434402332360577e+00
9.832553449951410229e+00
9.946666666666670764e+00
9.991800291545189339e+00
9.999980563654030874e+00
9.996766277939750367e+00
9.966413994169100121e+00
9.876936345966960573e+00
9.696307094266279236e+00
9.392500000000000071e+00
8.934538386783280828e+00
8.320575801749269473e+00
7.580971817298349791e+00
6.747752672497569826e+00
5.852944606413990059e+00
4.928573858114670081e+00
4.006666666666670373e+00
3.119249271137030100e+00
2.298347910592810184e+00
1.575988824101069996e+00
9.841982507288630222e-01
5.514601554907669900e-01
2.686880466472300055e-01
1.041666666666670044e-01
2.586977648202139907e-02
1.771137026238800080e-03
1.554907677355999915e-04
1.193634596695820026e-02
6.559766763848380589e-02
1.931656948493679915e-01
4.266666666666659724e-01
7.981268221574330246e-01
1.331175898931000079e+00
2.007106413994169891e+00
2.793896987366370155e+00
3.659521379980560152e+00
4.571953352769679846e+00
5.499166666666670089e+00
6.409135082604469957e+00
7.269832361516029628e+00
8.049232264334300169e+00
8.715308551992219321e+00
9.236073858114670188e+00
9.595784742468419282e+00
9.820000000000000284e+00
9.940745869776479893e+00
9.990048590864919476e+00
9.999934402332360861e+00
9.996355685131199209e+00
9.955659620991250236e+00
9.829970845481049935e+00
9.571249999999999147e+00
9.131457725947520032e+00
8.462554664723029418e+00
7.516501457725950353e+00
6.245258746355680124e+00
4.600787172011660431e+00
2.535047376093289895e+00
0.000000000000000000e+00
